0000000000000000000000000000
0000000000000000000000000000
0000000000000000000000000000
0000000000000000000000000000
0000000000000000111000000000
0000000000000001111100000000
0000000000000011111100000000
0000000000000111110110000000
0000000000011111110111000000
0000000000011110110011000000
0000000000111100000011000000
0000000001111000000011100000
0000000011100000000011100000
0000000011000000000011100000
0000000111000000000011100000
0000000110000000000011100000
0000000110000000000111000000
0000000110000000001110000000
0000000110000000011100000000
0000000110000000111000000000
0000000111000111110000000000
0000000111111111100000000000
0000000111111110000000000000
0000000011111000000000000000
0000000000000000000000000000
0000000000000000000000000000
0000000000000000000000000000
0000000000000000000000000000
