0000000000000000000000000000
0000000000000000000000000000
0000000000000000000000000000
0000000000000000000000000000
0000000000000000000000000000
0000000000000000000000000000
0000000000000011111100000000
0000000000001111111100000000
0000000000111111001100000000
0000000000111110001100000000
0000000001111100001100000000
0000000000100000001100000000
0000000000000000011100000000
0000000000000000011100000000
0000000000001111111000000000
0000000000111111111000000000
0000000001100001111100000000
0000000111100011111111000000
0000001110000111000011111000
0000001100011100000000110000
0000011111111000000000000000
0000011111100000000000000000
0000000100000000000000000000
0000000000000000000000000000
0000000000000000000000000000
0000000000000000000000000000
0000000000000000000000000000
0000000000000000000000000000
