0000000000000000000000000000
0000000000000000000000000000
0000000000000000000000000000
0000000000000000000000000000
0000000000000000000000000000
0000000000000000000001000000
0000000000000000000001000000
0000010000000000000011000000
0000110000000000000011000000
0000110000000000000110000000
0000110000000000000110000000
0000110000000000000110000000
0001100000000000001110000000
0001100000000000011100000000
0001100000001111111100000000
0001111111111110001100000000
0000011111000000001100000000
0000000000000000011100000000
0000000000000000011000000000
0000000000000000011000000000
0000000000000000011000000000
0000000000000000011000000000
0000000000000000011100000000
0000000000000000011100000000
0000000000000000001100000000
0000000000000000000000000000
0000000000000000000000000000
0000000000000000000000000000
