0000000000000000000000000000
0000000000000000000000000000
0000000000000000011000000000
0000000000000001111000000000
0000000000000011110000000000
0000000000000111000000000000
0000000000000111000000000000
0000000000001110000000000000
0000000000011100000000000000
0000000000111000000000000000
0000000000111000000000000000
0000000001110000001100000000
0000000001110000011110000000
0000000001110001111111000000
0000000001110011110011000000
0000000011000111100111000000
0000000011001110001110000000
0000000111001100011000000000
0000000111001111110000000000
0000000011001111100000000000
0000000011111111100000000000
0000000001111100000000000000
0000000000000000000000000000
0000000000000000000000000000
0000000000000000000000000000
0000000000000000000000000000
0000000000000000000000000000
0000000000000000000000000000
