0000000000000000000000000000
0000000000000000000000000000
0000000000000000000000000000
0000000000000000000000000000
0000000000000000000000000000
0000000000000000000011000000
0000000000000000000011000000
0000000000001111111111000000
0000000000001111111110000000
0000000000111110001110000000
0000000000111000011100000000
0000000000011100111000000000
0000000000011101110000000000
0000000000011111110000000000
0000000000001111100000000000
0000000000011111000000000000
0000000000111111000000000000
0000000000111111000000000000
0000000001100011000000000000
0000000011000110000000000000
0000000111000110000000000000
0000000111001110000000000000
0000000111111000000000000000
0000000011111000000000000000
0000000001100000000000000000
0000000000000000000000000000
0000000000000000000000000000
0000000000000000000000000000
